[gd_scene load_steps=188 format=2]

[ext_resource path="res://Models/stone_smallB.glb" type="PackedScene" id=1]
[ext_resource path="res://Models/stone_tallA.glb" type="PackedScene" id=2]
[ext_resource path="res://Models/tree_blocks.glb" type="PackedScene" id=3]
[ext_resource path="res://Models/tree_palmBend.glb" type="PackedScene" id=4]
[ext_resource path="res://Models/tree_oak_dark.glb" type="PackedScene" id=5]
[ext_resource path="res://Models/tree_pineRoundC.glb" type="PackedScene" id=6]
[ext_resource path="res://Models/tree_tall.glb" type="PackedScene" id=7]
[ext_resource path="res://Models/tree_pineSmallD.glb" type="PackedScene" id=8]
[ext_resource path="res://Models/tree_pineTallC.glb" type="PackedScene" id=9]
[ext_resource path="res://Models/tree_pineTallD_detailed.glb" type="PackedScene" id=10]
[ext_resource path="res://Models/stone_smallA.glb" type="PackedScene" id=11]
[ext_resource path="res://Models/stone_largeF.glb" type="PackedScene" id=12]
[ext_resource path="res://Models/tree_pineSmallA.glb" type="PackedScene" id=13]
[ext_resource path="res://Models/tree_small_fall.glb" type="PackedScene" id=14]
[ext_resource path="res://Models/tree_detailed.glb" type="PackedScene" id=15]
[ext_resource path="res://Models/tree_thin_fall.glb" type="PackedScene" id=16]
[ext_resource path="res://Models/stone_smallTopB.glb" type="PackedScene" id=17]
[ext_resource path="res://Models/stone_tallJ.glb" type="PackedScene" id=18]
[ext_resource path="res://Models/tree_pineDefaultB.glb" type="PackedScene" id=19]
[ext_resource path="res://Models/tree_cone_dark.glb" type="PackedScene" id=20]
[ext_resource path="res://Models/stone_tallG.glb" type="PackedScene" id=21]
[ext_resource path="res://Models/tree_blocks_dark.glb" type="PackedScene" id=22]
[ext_resource path="res://Models/stone_tallC.glb" type="PackedScene" id=23]
[ext_resource path="res://Models/stone_tallH.glb" type="PackedScene" id=24]
[ext_resource path="res://Models/stone_tallF.glb" type="PackedScene" id=25]
[ext_resource path="res://Models/stone_smallI.glb" type="PackedScene" id=26]
[ext_resource path="res://Models/tree_cone_fall.glb" type="PackedScene" id=27]
[ext_resource path="res://Models/tree_palmTall.glb" type="PackedScene" id=28]
[ext_resource path="res://Models/tree_default_fall.glb" type="PackedScene" id=29]
[ext_resource path="res://Models/tree_thin_dark.glb" type="PackedScene" id=30]
[ext_resource path="res://Models/tree_palmDetailedShort.glb" type="PackedScene" id=31]
[ext_resource path="res://Models/tree_palmShort.glb" type="PackedScene" id=32]
[ext_resource path="res://Models/stone_tallI.glb" type="PackedScene" id=33]
[ext_resource path="res://Models/tree_pineGroundB.glb" type="PackedScene" id=34]
[ext_resource path="res://Models/tree_pineTallA.glb" type="PackedScene" id=35]
[ext_resource path="res://Models/stone_tallE.glb" type="PackedScene" id=36]
[ext_resource path="res://Models/stone_tallD.glb" type="PackedScene" id=37]
[ext_resource path="res://Models/tree_default.glb" type="PackedScene" id=38]
[ext_resource path="res://Models/tree_blocks_fall.glb" type="PackedScene" id=39]
[ext_resource path="res://Models/tree_detailed_dark.glb" type="PackedScene" id=40]
[ext_resource path="res://Models/tree_pineDefaultA.glb" type="PackedScene" id=41]
[ext_resource path="res://Models/tree_pineGroundA.glb" type="PackedScene" id=42]
[ext_resource path="res://Models/tree_pineRoundD.glb" type="PackedScene" id=43]
[ext_resource path="res://Models/tree_pineRoundE.glb" type="PackedScene" id=44]
[ext_resource path="res://Models/tree_pineRoundF.glb" type="PackedScene" id=45]
[ext_resource path="res://Models/tree_pineTallB.glb" type="PackedScene" id=46]
[ext_resource path="res://Models/stone_tallB.glb" type="PackedScene" id=47]
[ext_resource path="res://Models/tree_default_dark.glb" type="PackedScene" id=48]
[ext_resource path="res://Models/tree_pineRoundB.glb" type="PackedScene" id=49]
[ext_resource path="res://Models/tree_detailed_fall.glb" type="PackedScene" id=50]
[ext_resource path="res://Models/tree_fat.glb" type="PackedScene" id=51]
[ext_resource path="res://Models/tree_oak.glb" type="PackedScene" id=52]
[ext_resource path="res://Models/tree_pineSmallB.glb" type="PackedScene" id=53]
[ext_resource path="res://Models/tree_pineRoundA.glb" type="PackedScene" id=54]
[ext_resource path="res://Models/tree_small_dark.glb" type="PackedScene" id=55]
[ext_resource path="res://Models/tree_pineSmallC.glb" type="PackedScene" id=56]
[ext_resource path="res://Models/tree_pineTallA_detailed.glb" type="PackedScene" id=57]
[ext_resource path="res://Models/tree_pineTallB_detailed.glb" type="PackedScene" id=58]
[ext_resource path="res://Models/tree_pineTallC_detailed.glb" type="PackedScene" id=59]
[ext_resource path="res://Models/tree_tall_dark.glb" type="PackedScene" id=60]
[ext_resource path="res://Models/tree_palmDetailedTall.glb" type="PackedScene" id=61]
[ext_resource path="res://Models/tree_pineTallD.glb" type="PackedScene" id=62]
[ext_resource path="res://Models/stone_smallTopA.glb" type="PackedScene" id=63]
[ext_resource path="res://Models/tree_tall_fall.glb" type="PackedScene" id=64]
[ext_resource path="res://Models/stone_largeE.glb" type="PackedScene" id=65]
[ext_resource path="res://Models/statue_ring.glb" type="PackedScene" id=66]
[ext_resource path="res://Models/pot_small.glb" type="PackedScene" id=67]
[ext_resource path="res://Models/pot_large.glb" type="PackedScene" id=68]
[ext_resource path="res://Models/statue_block.glb" type="PackedScene" id=69]
[ext_resource path="res://Models/statue_columnDamaged.glb" type="PackedScene" id=70]
[ext_resource path="res://tent_detailedOpen.tscn" type="PackedScene" id=71]
[ext_resource path="res://Models/tree_simple_dark.glb" type="PackedScene" id=72]
[ext_resource path="res://Models/tree_simple_fall.glb" type="PackedScene" id=73]
[ext_resource path="res://Models/statue_obelisk.glb" type="PackedScene" id=74]
[ext_resource path="res://Models/tree_plateau_fall.glb" type="PackedScene" id=75]
[ext_resource path="res://Models/tree_small.glb" type="PackedScene" id=76]
[ext_resource path="res://Models/tree_cone.glb" type="PackedScene" id=77]
[ext_resource path="res://Models/tree_simple.glb" type="PackedScene" id=78]
[ext_resource path="res://Models/tree_palm.glb" type="PackedScene" id=79]
[ext_resource path="res://Models/statue_head.glb" type="PackedScene" id=80]
[ext_resource path="res://Models/tree_plateau.glb" type="PackedScene" id=81]
[ext_resource path="res://Models/tree_plateau_dark.glb" type="PackedScene" id=82]
[ext_resource path="res://Models/crops_cornStageD.glb" type="PackedScene" id=83]
[ext_resource path="res://Models/crops_cornStageB.glb" type="PackedScene" id=84]
[ext_resource path="res://Models/crops_cornStageC.glb" type="PackedScene" id=85]
[ext_resource path="res://Models/crops_wheatStageA.glb" type="PackedScene" id=86]
[ext_resource path="res://Models/crop_carrot.glb" type="PackedScene" id=87]
[ext_resource path="res://Models/crop_melon.glb" type="PackedScene" id=88]
[ext_resource path="res://Models/crop_pumpkin.glb" type="PackedScene" id=89]
[ext_resource path="res://Models/fence_bend.glb" type="PackedScene" id=90]
[ext_resource path="res://Models/flower_purpleA.glb" type="PackedScene" id=91]
[ext_resource path="res://Models/flower_purpleB.glb" type="PackedScene" id=92]
[ext_resource path="res://Models/canoe.glb" type="PackedScene" id=93]
[ext_resource path="res://Models/crops_wheatStageB.glb" type="PackedScene" id=94]
[ext_resource path="res://Models/flower_purpleC.glb" type="PackedScene" id=95]
[ext_resource path="res://Models/flower_redA.glb" type="PackedScene" id=96]
[ext_resource path="res://Models/flower_redB.glb" type="PackedScene" id=97]
[ext_resource path="res://Models/flower_redC.glb" type="PackedScene" id=98]
[ext_resource path="res://Models/crops_leafsStageA.glb" type="PackedScene" id=99]
[ext_resource path="res://Models/crops_leafsStageB.glb" type="PackedScene" id=100]
[ext_resource path="res://Models/crop_turnip.glb" type="PackedScene" id=101]
[ext_resource path="res://Models/flower_yellowA.glb" type="PackedScene" id=102]
[ext_resource path="res://Models/flower_yellowB.glb" type="PackedScene" id=103]
[ext_resource path="res://Models/grass_leafsLarge.glb" type="PackedScene" id=104]
[ext_resource path="res://Models/hanging_moss.glb" type="PackedScene" id=105]
[ext_resource path="res://Models/lily_small.glb" type="PackedScene" id=106]
[ext_resource path="res://Models/grass.glb" type="PackedScene" id=107]
[ext_resource path="res://Models/log.glb" type="PackedScene" id=108]
[ext_resource path="res://Models/grass_large.glb" type="PackedScene" id=109]
[ext_resource path="res://Models/flower_yellowC.glb" type="PackedScene" id=110]
[ext_resource path="res://Models/grass_leafs.glb" type="PackedScene" id=111]
[ext_resource path="res://Models/log_large.glb" type="PackedScene" id=112]
[ext_resource path="res://Models/rock_largeA.glb" type="PackedScene" id=113]
[ext_resource path="res://Models/lily_large.glb" type="PackedScene" id=114]
[ext_resource path="res://Models/rock_tallC.glb" type="PackedScene" id=115]
[ext_resource path="res://Models/rock_largeF.glb" type="PackedScene" id=116]
[ext_resource path="res://Models/rock_smallC.glb" type="PackedScene" id=117]
[ext_resource path="res://Models/rock_smallFlatA.glb" type="PackedScene" id=118]
[ext_resource path="res://Models/rock_tallG.glb" type="PackedScene" id=119]
[ext_resource path="res://Models/rock_tallI.glb" type="PackedScene" id=120]
[ext_resource path="res://Models/rock_smallTopB.glb" type="PackedScene" id=121]
[ext_resource path="res://Models/rock_tallF.glb" type="PackedScene" id=122]
[ext_resource path="res://Models/rock_smallI.glb" type="PackedScene" id=123]
[ext_resource path="res://Models/rock_smallTopA.glb" type="PackedScene" id=124]
[ext_resource path="res://Models/rock_smallG.glb" type="PackedScene" id=125]
[ext_resource path="res://Models/rock_tallH.glb" type="PackedScene" id=126]
[ext_resource path="res://Models/rock_largeB.glb" type="PackedScene" id=127]
[ext_resource path="res://Models/rock_smallB.glb" type="PackedScene" id=128]
[ext_resource path="res://Models/rock_smallD.glb" type="PackedScene" id=129]
[ext_resource path="res://Models/rock_tallE.glb" type="PackedScene" id=130]
[ext_resource path="res://Models/rock_largeC.glb" type="PackedScene" id=131]
[ext_resource path="res://Models/rock_largeE.glb" type="PackedScene" id=132]
[ext_resource path="res://Models/rock_tallA.glb" type="PackedScene" id=133]
[ext_resource path="res://Models/sign.glb" type="PackedScene" id=134]
[ext_resource path="res://Models/rock_tallD.glb" type="PackedScene" id=135]
[ext_resource path="res://Models/rock_smallFlatB.glb" type="PackedScene" id=136]
[ext_resource path="res://Models/rock_smallA.glb" type="PackedScene" id=137]
[ext_resource path="res://Models/rock_tallJ.glb" type="PackedScene" id=138]
[ext_resource path="res://Models/rock_tallB.glb" type="PackedScene" id=139]
[ext_resource path="res://Models/rock_smallFlatC.glb" type="PackedScene" id=140]
[ext_resource path="res://Models/rock_largeD.glb" type="PackedScene" id=141]
[ext_resource path="res://Models/rock_smallH.glb" type="PackedScene" id=142]
[ext_resource path="res://Models/platform_beach.glb" type="PackedScene" id=143]
[ext_resource path="res://Models/cactus_tall.glb" type="PackedScene" id=144]
[ext_resource path="res://Models/stump_old.glb" type="PackedScene" id=145]
[ext_resource path="res://Models/stump_oldTall.glb" type="PackedScene" id=146]
[ext_resource path="res://Models/campfire_bricks.glb" type="PackedScene" id=147]
[ext_resource path="res://Models/path_stone.glb" type="PackedScene" id=148]
[ext_resource path="res://Models/path_wood.glb" type="PackedScene" id=149]
[ext_resource path="res://Models/plant_bushDetailed.glb" type="PackedScene" id=150]
[ext_resource path="res://Models/plant_bushSmall.glb" type="PackedScene" id=151]
[ext_resource path="res://Models/plant_bushTriangle.glb" type="PackedScene" id=152]
[ext_resource path="res://Models/stump_round.glb" type="PackedScene" id=153]
[ext_resource path="res://Models/path_stoneCorner.glb" type="PackedScene" id=154]
[ext_resource path="res://Models/plant_bushLarge.glb" type="PackedScene" id=155]
[ext_resource path="res://Models/log_stack.glb" type="PackedScene" id=156]
[ext_resource path="res://Models/log_stackLarge.glb" type="PackedScene" id=157]
[ext_resource path="res://Models/mushroom_redTall.glb" type="PackedScene" id=158]
[ext_resource path="res://Models/mushroom_tanTall.glb" type="PackedScene" id=159]
[ext_resource path="res://Models/mushroom_tanGroup.glb" type="PackedScene" id=160]
[ext_resource path="res://Models/fence_bendCenter.glb" type="PackedScene" id=161]
[ext_resource path="res://Models/campfire_stones.glb" type="PackedScene" id=162]
[ext_resource path="res://Models/crops_bambooStageA.glb" type="PackedScene" id=163]
[ext_resource path="res://Models/campfire_logs.glb" type="PackedScene" id=164]
[ext_resource path="res://Models/crops_cornStageA.glb" type="PackedScene" id=165]
[ext_resource path="res://Models/canoe_paddle.glb" type="PackedScene" id=166]
[ext_resource path="res://Models/mushroom_red.glb" type="PackedScene" id=167]
[ext_resource path="res://Models/mushroom_tan.glb" type="PackedScene" id=168]
[ext_resource path="res://Models/cactus_short.glb" type="PackedScene" id=169]
[ext_resource path="res://Models/path_stoneCircle.glb" type="PackedScene" id=170]
[ext_resource path="res://Models/path_stoneEnd.glb" type="PackedScene" id=171]
[ext_resource path="res://Models/crops_bambooStageB.glb" type="PackedScene" id=172]
[ext_resource path="res://Models/plant_bush.glb" type="PackedScene" id=173]
[ext_resource path="res://Models/mushroom_redGroup.glb" type="PackedScene" id=174]
[ext_resource path="res://Models/plant_bushLargeTriangle.glb" type="PackedScene" id=175]
[ext_resource path="res://Models/campfire_planks.glb" type="PackedScene" id=176]
[ext_resource path="res://Models/path_woodEnd.glb" type="PackedScene" id=177]
[ext_resource path="res://Models/plant_flatShort.glb" type="PackedScene" id=178]
[ext_resource path="res://Models/plant_flatTall.glb" type="PackedScene" id=179]
[ext_resource path="res://Models/stump_squareDetailedWide.glb" type="PackedScene" id=180]
[ext_resource path="res://Models/stump_squareDetailed.glb" type="PackedScene" id=181]
[ext_resource path="res://Models/stump_roundDetailed.glb" type="PackedScene" id=182]
[ext_resource path="res://Models/stump_square.glb" type="PackedScene" id=183]
[ext_resource path="res://Ayahuasca Village work in progress that can change drasticaly just having fun.ogg" type="AudioStream" id=184]

[sub_resource type="SpatialMaterial" id=1]
albedo_color = Color( 0.0588235, 0.917647, 0.513726, 1 )

[sub_resource type="PlaneMesh" id=2]
material = SubResource( 1 )
size = Vector2( 10, 10 )

[sub_resource type="CubeMesh" id=3]

[node name="Spatial" type="Spatial"]

[node name="MeshInstance" type="MeshInstance" parent="."]
transform = Transform( 1, 0, 0, 0, 1, 0, 0, 0, 1, 0.00455171, -0.00655192, 0.00154144 )
use_in_baked_light = true
mesh = SubResource( 2 )
material/0 = null

[node name="statue_head" parent="MeshInstance" instance=ExtResource( 80 )]
transform = Transform( -2.20846, 0, -4.03944, 0, 4.55333, 0, 3.3394, 0, -2.67143, -1.66576, 0.136006, -2.73347 )

[node name="statue_head2" parent="MeshInstance" instance=ExtResource( 80 )]
transform = Transform( -2.44649, 0, 3.83353, 0, 4.55333, 0, -3.16915, 0, -2.95936, 3.92475, 0.136006, -2.14023 )

[node name="statue_obelisk" parent="MeshInstance" instance=ExtResource( 74 )]
transform = Transform( 4.00361, 0, 0, 0, 4.55333, 0, 0, 0, 4.8429, 1.32751, 0.0500005, -4.42804 )

[node name="canoe_paddle" parent="MeshInstance" instance=ExtResource( 166 )]
transform = Transform( 0.935549, -0.0201776, 0.35262, 0.353197, 0.0534463, -0.934021, 0, 0.998367, 0.0571283, 0.0669963, 0.226703, -0.856196 )

[node name="cactus_short" parent="MeshInstance" instance=ExtResource( 169 )]
transform = Transform( 1, 0, 0, 0, 1, 0, 0, 0, 1, -0.202417, 0.05, 2.15614 )

[node name="cactus_tall" parent="MeshInstance" instance=ExtResource( 144 )]
transform = Transform( 1, 0, 0, 0, 1, 0, 0, 0, 1, -0.373464, 0.0500003, 0.296109 )

[node name="campfire_bricks" parent="MeshInstance" instance=ExtResource( 147 )]
transform = Transform( 1, 0, 0, 0, 1, 0, 0, 0, 1, 1.24768, 0.05, 1.99872 )

[node name="campfire_stones" parent="MeshInstance" instance=ExtResource( 162 )]
transform = Transform( 1, 0, 0, 0, 1, 0, 0, 0, 1, 1.68155, 0.05, 1.67997 )

[node name="campfire_logs" parent="MeshInstance" instance=ExtResource( 164 )]
transform = Transform( 1, 0, 0, 0, 1, 0, 0, 0, 1, 1.70395, 0.0499999, 1.67622 )

[node name="campfire_planks" parent="MeshInstance" instance=ExtResource( 176 )]
transform = Transform( 1, 0, 0, 0, 1, 0, 0, 0, 1, 1.24644, 0.0500002, 1.9942 )

[node name="crops_bambooStageB" parent="MeshInstance" instance=ExtResource( 172 )]
transform = Transform( 1, 0, 0, 0, 1, 0, 0, 0, 1, -1.338, 0.05, 1.83932 )

[node name="crops_cornStageA" parent="MeshInstance" instance=ExtResource( 165 )]
transform = Transform( 1, 0, 0, 0, 1, 0, 0, 0, 1, 0.196148, 0.0500003, 2.00972 )

[node name="crops_bambooStageA" parent="MeshInstance" instance=ExtResource( 163 )]
transform = Transform( 1, 0, 0, 0, 1, 0, 0, 0, 1, 2.53916, 0.05, 2.30826 )

[node name="fence_bendCenter" parent="MeshInstance" instance=ExtResource( 161 )]
transform = Transform( -0.985378, 0, 0.170381, 0, 1, 0, -0.170381, 0, -0.985378, 2.49636, 0.0500001, 0.0718517 )

[node name="log_stack" parent="MeshInstance" instance=ExtResource( 156 )]
transform = Transform( 1, 0, 0, 0, 1, 0, 0, 0, 1, 1.86901, 0.0500001, -1.35776 )

[node name="log_stackLarge" parent="MeshInstance" instance=ExtResource( 157 )]
transform = Transform( 0.743542, 0, -0.66869, 0, 1, 0, 0.66869, 0, 0.743542, 0.58404, 0.0500001, -1.08107 )

[node name="mushroom_red" parent="MeshInstance" instance=ExtResource( 167 )]
transform = Transform( 1, 0, 0, 0, 1, 0, 0, 0, 1, 1.64008, 0.0499999, -3.08944 )

[node name="mushroom_redGroup" parent="MeshInstance" instance=ExtResource( 174 )]
transform = Transform( 1, 0, 0, 0, 1, 0, 0, 0, 1, 1.46067, 0.05, -3.0391 )

[node name="mushroom_redTall" parent="MeshInstance" instance=ExtResource( 158 )]
transform = Transform( 1, 0, 0, 0, 1, 0, 0, 0, 1, 1.96607, 0.280089, -3.19627 )

[node name="mushroom_tan" parent="MeshInstance" instance=ExtResource( 168 )]
transform = Transform( 1, 0, 0, 0, 1, 0, 0, 0, 1, 0.733493, 0.2232, -2.352 )

[node name="mushroom_tanGroup" parent="MeshInstance" instance=ExtResource( 160 )]
transform = Transform( 1, 0, 0, 0, 1, 0, 0, 0, 1, 1.79852, 0.0500001, -2.41224 )

[node name="mushroom_tanTall" parent="MeshInstance" instance=ExtResource( 159 )]
transform = Transform( 1, 0, 0, 0, 1, 0, 0, 0, 1, 1.24451, 0.301713, -3.84899 )

[node name="path_wood" parent="MeshInstance" instance=ExtResource( 149 )]
transform = Transform( 0.982263, -0.163309, -0.092142, 0.162595, 0.986575, -0.0152524, 0.0933959, -1.16415e-10, 0.995629, 2.69606, 0.15919, 1.15193 )

[node name="path_stoneEnd" parent="MeshInstance" instance=ExtResource( 171 )]
transform = Transform( 0.851306, 0, 0.52467, 0, 1, 0, -0.52467, 0, 0.851306, 0.852531, 0.0285487, -0.600455 )

[node name="path_stoneCorner" parent="MeshInstance" instance=ExtResource( 154 )]
transform = Transform( 0.851306, 0, 0.52467, 0, 1, 0, -0.52467, 0, 0.851306, 1.49058, 0.030099, -1.18219 )

[node name="path_stoneCircle" parent="MeshInstance" instance=ExtResource( 170 )]
transform = Transform( 0.00567227, 0, -0.999984, 0, 1, 0, 0.999984, 0, 0.00567227, 1.24617, 0.0256854, -1.74017 )

[node name="path_stone" parent="MeshInstance" instance=ExtResource( 148 )]
transform = Transform( 0.00567227, 0, -0.999984, 0, 1, 0, 0.999984, 0, 0.00567227, 1.24174, 0.0332106, -2.57954 )

[node name="path_woodEnd" parent="MeshInstance" instance=ExtResource( 177 )]
transform = Transform( 0.645098, -0.7641, 0, 0.7641, 0.645098, 0, 0, 0, 1, 5.5839, 0.995201, 1.21803 )

[node name="plant_bush" parent="MeshInstance" instance=ExtResource( 173 )]
transform = Transform( 1, 0, 0, 0, 1, 0, 0, 0, 1, -3.3147, 0.050001, 0.586039 )

[node name="plant_bushDetailed" parent="MeshInstance" instance=ExtResource( 150 )]
transform = Transform( 1, 0, 0, 0, 1, 0, 0, 0, 1, -3.60658, 0.0500005, 1.65963 )

[node name="plant_bushLarge" parent="MeshInstance" instance=ExtResource( 155 )]
transform = Transform( 1, 0, 0, 0, 1, 0, 0, 0, 1, -3.88393, 0.05, 0.5581 )

[node name="plant_bushLargeTriangle" parent="MeshInstance" instance=ExtResource( 175 )]
transform = Transform( 1, 0, 0, 0, 1, 0, 0, 0, 1, -3.42853, 0.05, 0.542194 )

[node name="plant_bushSmall" parent="MeshInstance" instance=ExtResource( 151 )]
transform = Transform( 1, 0, 0, 0, 1, 0, 0, 0, 1, -3.90083, 0.0499998, 1.54498 )

[node name="plant_bushTriangle" parent="MeshInstance" instance=ExtResource( 152 )]
transform = Transform( 1, 0, 0, 0, 1, 0, 0, 0, 1, -4.20241, 0.05, 0.697864 )

[node name="plant_flatShort" parent="MeshInstance" instance=ExtResource( 178 )]
transform = Transform( 1, 0, 0, 0, 1, 0, 0, 0, 1, -4.15596, 0.05, 1.13683 )

[node name="plant_flatTall" parent="MeshInstance" instance=ExtResource( 179 )]
transform = Transform( 1, 0, 0, 0, 1, 0, 0, 0, 1, -4.11492, 0.05, 1.53852 )

[node name="platform_beach" parent="MeshInstance" instance=ExtResource( 143 )]
transform = Transform( 6.88658, 0, -7.25086, 0, 10, 0, 7.25086, 0, 6.88658, -4.38226, 0.05, 5.62342 )

[node name="platform_beach2" parent="MeshInstance" instance=ExtResource( 143 )]
transform = Transform( -5.26333, 0, -8.50279, 0, 10, 0, 8.50279, 0, -5.26333, -5.16351, 0.05, -3.90605 )

[node name="platform_beach3" parent="MeshInstance" instance=ExtResource( 143 )]
transform = Transform( 8.01567, 0, -5.97905, 0, 10, 0, 5.97905, 0, 8.01567, 4.15397, 0.05, -3.90605 )

[node name="platform_beach4" parent="MeshInstance" instance=ExtResource( 143 )]
transform = Transform( -8.32129, 0, -5.54583, 0, 10, 0, 5.54583, 0, -8.32129, 2.72496, 0.282764, 4.86277 )

[node name="stump_old" parent="MeshInstance" instance=ExtResource( 145 )]
transform = Transform( 1, 0, 0, 0, 1, 0, 0, 0, 1, 1.9425, 0.0500002, -0.564669 )

[node name="stump_oldTall" parent="MeshInstance" instance=ExtResource( 146 )]
transform = Transform( 1, 0, 0, 0, 1, 0, 0, 0, 1, -0.552699, 0.05, 0.0768456 )

[node name="stump_round" parent="MeshInstance" instance=ExtResource( 153 )]
transform = Transform( 1, 0, 0, 0, 1, 0, 0, 0, 1, -1.03052, 0.0500001, -0.0414116 )

[node name="stump_roundDetailed" parent="MeshInstance" instance=ExtResource( 182 )]
transform = Transform( 1, 0, 0, 0, 1, 0, 0, 0, 1, -1.51857, 0.05, -0.0356493 )

[node name="stump_square" parent="MeshInstance" instance=ExtResource( 183 )]
transform = Transform( 1, 0, 0, 0, 1, 0, 0, 0, 1, -1.50646, 0.05, 2.14885 )

[node name="stump_squareDetailed" parent="MeshInstance" instance=ExtResource( 181 )]
transform = Transform( 1, 0, 0, 0, 1, 0, 0, 0, 1, -0.175896, 0.0499998, -1.8948 )

[node name="stump_squareDetailedWide" parent="MeshInstance" instance=ExtResource( 180 )]
transform = Transform( 1, 0, 0, 0, 1, 0, 0, 0, 1, -0.118357, 0.0499998, -2.42252 )

[node name="tree_blocks" parent="MeshInstance" instance=ExtResource( 3 )]
transform = Transform( 0.824561, 0, -0.565773, 0, 1, 0, 0.565773, 0, 0.824561, 0.509839, 0.0499998, -0.643105 )

[node name="tent_detailedOpen" parent="MeshInstance" instance=ExtResource( 71 )]
transform = Transform( 0.5, 0, 0.866025, 0, 1, 0, -0.866025, 0, 0.5, 1.81326, 0.00655192, 2.49448 )

[node name="tent_detailedOpen2" parent="MeshInstance" instance=ExtResource( 71 )]
transform = Transform( 0.998947, 0, 0.0458861, 0, 1, 0, -0.0458861, 0, 0.998947, 0.922413, 0.00655192, 2.98775 )

[node name="tree_palm" parent="MeshInstance" instance=ExtResource( 79 )]
transform = Transform( 1, 0, 0, 0, 1, 0, 0, 0, 1, 2.41824, 0.0512813, 2.77045 )

[node name="tree_plateau_fall" parent="MeshInstance" instance=ExtResource( 75 )]
transform = Transform( 0.62625, 0, -0.779622, 0, 1, 0, 0.779622, 0, 0.62625, 3.44492, 0.0565519, 1.97361 )

[node name="tree_simple" parent="MeshInstance" instance=ExtResource( 78 )]
transform = Transform( 0.62625, 0, -0.779622, 0, 1, 0, 0.779622, 0, 0.62625, 3.7515, 0.0565516, 2.06773 )

[node name="tree_simple_dark" parent="MeshInstance" instance=ExtResource( 72 )]
transform = Transform( 0.62625, 0, -0.779622, 0, 1, 0, 0.779622, 0, 0.62625, 3.93543, 0.0565516, 2.22305 )

[node name="tree_simple_fall" parent="MeshInstance" instance=ExtResource( 73 )]
transform = Transform( 0.62625, 0, -0.779622, 0, 1, 0, 0.779622, 0, 0.62625, 3.93533, 0.0565519, 1.85681 )

[node name="tree_small" parent="MeshInstance" instance=ExtResource( 76 )]
transform = Transform( 0.62625, 0, -0.779622, 0, 1, 0, 0.779622, 0, 0.62625, 4.21875, 0.0565521, 1.93245 )

[node name="tree_small_dark" parent="MeshInstance" instance=ExtResource( 55 )]
transform = Transform( 0.62625, 0, -0.779622, 0, 1, 0, 0.779622, 0, 0.62625, 4.19269, 0.0565519, 0.545776 )

[node name="tree_small_fall" parent="MeshInstance" instance=ExtResource( 14 )]
transform = Transform( 0.62625, 0, -0.779622, 0, 1, 0, 0.779622, 0, 0.62625, 3.93074, 0.0565521, 0.0996067 )

[node name="tree_tall" parent="MeshInstance" instance=ExtResource( 7 )]
transform = Transform( 0.62625, 0, -0.779622, 0, 1, 0, 0.779622, 0, 0.62625, 3.31717, 0.0565519, 0.0877695 )

[node name="tree_tall_dark" parent="MeshInstance" instance=ExtResource( 60 )]
transform = Transform( 0.62625, 0, -0.779622, 0, 1, 0, 0.779622, 0, 0.62625, 3.62564, 0.0565519, -0.296738 )

[node name="tree_tall_fall" parent="MeshInstance" instance=ExtResource( 64 )]
transform = Transform( 0.62625, 0, -0.779622, 0, 1, 0, 0.779622, 0, 0.62625, 3.18869, 0.0565516, -0.456053 )

[node name="tree_thin_dark" parent="MeshInstance" instance=ExtResource( 30 )]
transform = Transform( 0.62625, 0, -0.779622, 0, 1, 0, 0.779622, 0, 0.62625, 4.62418, 0.0565519, 2.14513 )

[node name="tree_thin_fall" parent="MeshInstance" instance=ExtResource( 16 )]
transform = Transform( 0.62625, 0, -0.779622, 0, 1, 0, 0.779622, 0, 0.62625, 4.86301, 0.0565514, 0.267584 )

[node name="tree_plateau" parent="MeshInstance" instance=ExtResource( 81 )]
transform = Transform( 1, 0, 0, 0, 1, 0, 0, 0, 1, 3.10614, 0.0565519, 0.709189 )

[node name="tree_plateau_dark" parent="MeshInstance" instance=ExtResource( 82 )]
transform = Transform( 0.62625, 0, -0.779622, 0, 1, 0, 0.779622, 0, 0.62625, 3.62557, 0.0565516, 0.560089 )

[node name="tree_cone" parent="MeshInstance" instance=ExtResource( 77 )]
transform = Transform( 1, 0, 0, 0, 1, 0, 0, 0, 1, 2.96497, 0.0565516, 1.99287 )

[node name="tree_blocks2" parent="MeshInstance" instance=ExtResource( 3 )]
transform = Transform( 1, 0, 0, 0, 1, 0, 0, 0, 1, 0.100264, 0.0565516, 2.31758 )

[node name="tree_blocks_dark" parent="MeshInstance" instance=ExtResource( 22 )]
transform = Transform( 1, 0, 0, 0, 1, 0, 0, 0, 1, -1.01429, 0.0565519, -0.417173 )

[node name="tree_blocks_fall" parent="MeshInstance" instance=ExtResource( 39 )]
transform = Transform( 1, 0, 0, 0, 1, 0, 0, 0, 1, -1.30461, 0.0565516, -0.849825 )

[node name="tree_blocks_fall2" parent="MeshInstance" instance=ExtResource( 39 )]
transform = Transform( 1, 0, 0, 0, 1, 0, 0, 0, 1, -1.31818, 0.0565516, 0.253756 )

[node name="tree_blocks_fall3" parent="MeshInstance" instance=ExtResource( 39 )]
transform = Transform( 0.777146, 0, 0.62932, 0, 1, 0, -0.62932, 0, 0.777146, -0.589814, 0.0565516, 2.2699 )

[node name="stone_tallI" parent="MeshInstance" instance=ExtResource( 33 )]
transform = Transform( 0.921022, 0, -0.38951, 0, 1, 0, 0.38951, 0, 0.921022, -1.93162, 0.0565519, 0.153191 )

[node name="stone_tallJ" parent="MeshInstance" instance=ExtResource( 18 )]
transform = Transform( 0.921022, 0, -0.38951, 0, 1, 0, 0.38951, 0, 0.921022, -2.42644, 0.0565524, 0.213528 )

[node name="stone_tallH" parent="MeshInstance" instance=ExtResource( 24 )]
transform = Transform( 0.921022, 0, -0.38951, 0, 1, 0, 0.38951, 0, 0.921022, -2.96615, 0.0565519, 0.235902 )

[node name="stone_tallG" parent="MeshInstance" instance=ExtResource( 21 )]
transform = Transform( 0.921022, 0, -0.38951, 0, 1, 0, 0.38951, 0, 0.921022, -3.59031, 0.0565519, 0.187222 )

[node name="stone_tallF" parent="MeshInstance" instance=ExtResource( 25 )]
transform = Transform( 0.921022, 0, -0.38951, 0, 1, 0, 0.38951, 0, 0.921022, -4.08474, 0.0565519, 0.201129 )

[node name="stone_tallE" parent="MeshInstance" instance=ExtResource( 36 )]
transform = Transform( 0.921022, 0, -0.38951, 0, 1, 0, 0.38951, 0, 0.921022, -4.57666, 0.0565519, 0.295152 )

[node name="stone_tallD" parent="MeshInstance" instance=ExtResource( 37 )]
transform = Transform( 0.921022, 0, -0.38951, 0, 1, 0, 0.38951, 0, 0.921022, -1.87241, 0.0565519, 2.05156 )

[node name="stone_tallC" parent="MeshInstance" instance=ExtResource( 23 )]
transform = Transform( 0.921022, 0, -0.38951, 0, 1, 0, 0.38951, 0, 0.921022, -2.505, 0.0565514, 2.08633 )

[node name="stone_tallB" parent="MeshInstance" instance=ExtResource( 47 )]
transform = Transform( 0.921022, 0, -0.38951, 0, 1, 0, 0.38951, 0, 0.921022, -3.18622, 0.0565514, 2.00929 )

[node name="stone_tallA" parent="MeshInstance" instance=ExtResource( 2 )]
transform = Transform( 0.921022, 0, -0.38951, 0, 1, 0, 0.38951, 0, 0.921022, -4.09368, 0.0565519, 1.88557 )

[node name="stone_smallTopB" parent="MeshInstance" instance=ExtResource( 17 )]
transform = Transform( 0.921022, 0, -0.38951, 0, 1, 0, 0.38951, 0, 0.921022, -4.72058, 0.0565517, 1.311 )

[node name="stone_smallTopA" parent="MeshInstance" instance=ExtResource( 63 )]
transform = Transform( 0.921022, 0, -0.38951, 0, 1, 0, 0.38951, 0, 0.921022, -4.73273, 0.0565517, 0.794836 )

[node name="stone_smallI" parent="MeshInstance" instance=ExtResource( 26 )]
transform = Transform( 0.921022, 0, -0.38951, 0, 1, 0, 0.38951, 0, 0.921022, -4.68177, 0.0565521, 1.90525 )

[node name="tree_blocks_fall4" parent="MeshInstance" instance=ExtResource( 39 )]
transform = Transform( 0.921022, 0, -0.38951, 0, 1, 0, 0.38951, 0, 0.921022, -1.17881, 0.0565516, 2.2699 )

[node name="tree_cone2" parent="MeshInstance" instance=ExtResource( 77 )]
transform = Transform( 1, 0, 0, 0, 1, 0, 0, 0, 1, 2.64084, 0.0565518, 0.0201581 )

[node name="tree_cone_dark" parent="MeshInstance" instance=ExtResource( 20 )]
transform = Transform( 1, 0, 0, 0, 1, 0, 0, 0, 1, 2.72231, 0.0565519, 0.373979 )

[node name="tree_cone_fall" parent="MeshInstance" instance=ExtResource( 27 )]
transform = Transform( 1, 0, 0, 0, 1, 0, 0, 0, 1, 2.71394, 0.0565519, -0.374139 )

[node name="tree_default" parent="MeshInstance" instance=ExtResource( 38 )]
transform = Transform( 1, 0, 0, 0, 1, 0, 0, 0, 1, 2.75274, 0.0565523, -1.4768 )

[node name="tree_default_dark" parent="MeshInstance" instance=ExtResource( 48 )]
transform = Transform( 1, 0, 0, 0, 1, 0, 0, 0, 1, -0.477384, 0.0565519, -1.57574 )

[node name="tree_default_fall" parent="MeshInstance" instance=ExtResource( 29 )]
transform = Transform( 1, 0, 0, 0, 1, 0, 0, 0, 1, -1.50281, 0.0565514, -0.425127 )

[node name="tree_detailed" parent="MeshInstance" instance=ExtResource( 15 )]
transform = Transform( 1, 0, 0, 0, 1, 0, 0, 0, 1, -0.737271, 0.0565519, -1.09617 )

[node name="tree_detailed_dark" parent="MeshInstance" instance=ExtResource( 40 )]
transform = Transform( 1, 0, 0, 0, 1, 0, 0, 0, 1, 2.54853, 0.0565519, -0.807329 )

[node name="tree_detailed_fall" parent="MeshInstance" instance=ExtResource( 50 )]
transform = Transform( 0.640043, 0, 0.768339, 0, 1, 0, -0.768339, 0, 0.640043, 0.296481, 0.0565519, -1.18017 )

[node name="tree_detailed_fall2" parent="MeshInstance" instance=ExtResource( 50 )]
transform = Transform( 0.791693, 0, -0.610919, 0, 1, 0, 0.610919, 0, 0.791693, 1.92059, 0.0565519, -0.835816 )

[node name="tree_oak" parent="MeshInstance" instance=ExtResource( 52 )]
transform = Transform( 1, 0, 0, 0, 1, 0, 0, 0, 1, 2.14747, 0.0565522, -1.25471 )

[node name="tree_palm2" parent="MeshInstance" instance=ExtResource( 79 )]
transform = Transform( -0.744067, 0, 0.668105, 0, 1, 0, -0.668105, 0, -0.744067, 0.408544, 0.0565514, 2.8891 )

[node name="tree_palmBend" parent="MeshInstance" instance=ExtResource( 4 )]
transform = Transform( -0.744067, 0, 0.668105, 0, 1, 0, -0.668105, 0, -0.744067, 0.686865, 0.0565519, 2.28175 )

[node name="tree_palmDetailedShort" parent="MeshInstance" instance=ExtResource( 31 )]
transform = Transform( -0.744067, 0, 0.668105, 0, 1, 0, -0.668105, 0, -0.744067, 2.59107, 0.0565519, 1.94056 )

[node name="tree_palmDetailedTall" parent="MeshInstance" instance=ExtResource( 61 )]
transform = Transform( -0.744067, 0, 0.668105, 0, 1, 0, -0.668105, 0, -0.744067, 0.447857, 0.0565519, 3.67903 )

[node name="tree_palmShort" parent="MeshInstance" instance=ExtResource( 32 )]
transform = Transform( -0.744067, 0, 0.668105, 0, 1, 0, -0.668105, 0, -0.744067, 1.14991, 0.0565519, 3.87017 )

[node name="tree_palmTall" parent="MeshInstance" instance=ExtResource( 28 )]
transform = Transform( -0.744067, 0, 0.668105, 0, 1, 0, -0.668105, 0, -0.744067, 2.09231, 0.0565514, 3.48672 )

[node name="tree_pineDefaultA" parent="MeshInstance" instance=ExtResource( 41 )]
transform = Transform( -0.744067, 0, 0.668105, 0, 1, 0, -0.668105, 0, -0.744067, 0.467649, 0.0565514, -2.69667 )

[node name="tree_pineDefaultB" parent="MeshInstance" instance=ExtResource( 19 )]
transform = Transform( -0.744067, 0, 0.668105, 0, 1, 0, -0.668105, 0, -0.744067, 2.31872, 0.0565519, -1.83033 )

[node name="tree_pineGroundA" parent="MeshInstance" instance=ExtResource( 42 )]
transform = Transform( -0.744067, 0, 0.668105, 0, 1, 0, -0.668105, 0, -0.744067, 2.00834, 0.0565515, -2.07067 )

[node name="tree_pineGroundB" parent="MeshInstance" instance=ExtResource( 34 )]
transform = Transform( -0.744067, 0, 0.668105, 0, 1, 0, -0.668105, 0, -0.744067, 2.63924, 0.0565515, -2.08485 )

[node name="tree_pineRoundA" parent="MeshInstance" instance=ExtResource( 54 )]
transform = Transform( -0.744067, 0, 0.668105, 0, 1, 0, -0.668105, 0, -0.744067, 2.28911, 0.0565519, -2.73402 )

[node name="tree_pineRoundB" parent="MeshInstance" instance=ExtResource( 49 )]
transform = Transform( -0.744067, 0, 0.668105, 0, 1, 0, -0.668105, 0, -0.744067, 2.74796, 0.0565514, -2.69111 )

[node name="tree_pineRoundC" parent="MeshInstance" instance=ExtResource( 6 )]
transform = Transform( -0.744067, 0, 0.668105, 0, 1, 0, -0.668105, 0, -0.744067, 3.06326, 0.0565514, -1.97297 )

[node name="tree_pineRoundD" parent="MeshInstance" instance=ExtResource( 43 )]
transform = Transform( -0.744067, 0, 0.668105, 0, 1, 0, -0.668105, 0, -0.744067, 0.405255, 0.0565514, -2.35732 )

[node name="tree_pineRoundE" parent="MeshInstance" instance=ExtResource( 44 )]
transform = Transform( -0.744067, 0, 0.668105, 0, 1, 0, -0.668105, 0, -0.744067, 0.00406736, 0.0565519, -2.83368 )

[node name="tree_pineRoundF" parent="MeshInstance" instance=ExtResource( 45 )]
transform = Transform( -0.744067, 0, 0.668105, 0, 1, 0, -0.668105, 0, -0.744067, 0.531912, 0.0565517, -3.22167 )

[node name="tree_pineSmallA" parent="MeshInstance" instance=ExtResource( 13 )]
transform = Transform( -0.744067, 0, 0.668105, 0, 1, 0, -0.668105, 0, -0.744067, 0.180594, 0.0565517, -3.58148 )

[node name="tree_pineSmallB" parent="MeshInstance" instance=ExtResource( 53 )]
transform = Transform( -0.744067, 0, 0.668105, 0, 1, 0, -0.668105, 0, -0.744067, 0.58459, 0.0565515, -4.02681 )

[node name="tree_pineSmallC" parent="MeshInstance" instance=ExtResource( 56 )]
transform = Transform( -0.744067, 0, 0.668105, 0, 1, 0, -0.668105, 0, -0.744067, 2.47205, 0.0565517, -3.37025 )

[node name="tree_pineSmallD" parent="MeshInstance" instance=ExtResource( 8 )]
transform = Transform( -0.744067, 0, 0.668105, 0, 1, 0, -0.668105, 0, -0.744067, 2.93651, 0.0565513, -3.36697 )

[node name="tree_pineTallA" parent="MeshInstance" instance=ExtResource( 35 )]
transform = Transform( -0.744067, 0, 0.668105, 0, 1, 0, -0.668105, 0, -0.744067, 2.68212, 0.0565514, -3.83396 )

[node name="tree_pineTallA_detailed" parent="MeshInstance" instance=ExtResource( 57 )]
transform = Transform( -0.744067, 0, 0.668105, 0, 1, 0, -0.668105, 0, -0.744067, 0.442111, 0.0565514, -3.57152 )

[node name="tree_pineTallB" parent="MeshInstance" instance=ExtResource( 46 )]
transform = Transform( -0.744067, 0, 0.668105, 0, 1, 0, -0.668105, 0, -0.744067, 2.38071, 0.0565524, -3.78815 )

[node name="tree_pineTallB_detailed" parent="MeshInstance" instance=ExtResource( 58 )]
transform = Transform( -0.744067, 0, 0.668105, 0, 1, 0, -0.668105, 0, -0.744067, 0.707455, 0.0565524, -2.06245 )

[node name="tree_pineTallC" parent="MeshInstance" instance=ExtResource( 9 )]
transform = Transform( -0.744067, 0, 0.668105, 0, 1, 0, -0.668105, 0, -0.744067, 2.33465, 0.0565519, -4.17203 )

[node name="tree_pineTallC_detailed" parent="MeshInstance" instance=ExtResource( 59 )]
transform = Transform( -0.744067, 0, 0.668105, 0, 1, 0, -0.668105, 0, -0.744067, 0.17063, 0.0565522, -4.2534 )

[node name="tree_pineTallD" parent="MeshInstance" instance=ExtResource( 62 )]
transform = Transform( -0.744067, 0, 0.668105, 0, 1, 0, -0.668105, 0, -0.744067, 0.443182, 0.0565517, -4.51695 )

[node name="tree_pineTallD_detailed" parent="MeshInstance" instance=ExtResource( 10 )]
transform = Transform( -0.744067, 0, 0.668105, 0, 1, 0, -0.668105, 0, -0.744067, 2.49887, 0.0565519, -4.47411 )

[node name="tree_oak_dark" parent="MeshInstance" instance=ExtResource( 5 )]
transform = Transform( -0.744067, 0, 0.668105, 0, 1, 0, -0.668105, 0, -0.744067, 1.54905, 0.0565519, 3.01741 )

[node name="tree_fat" parent="MeshInstance" instance=ExtResource( 51 )]
transform = Transform( 1, 0, 0, 0, 1, 0, 0, 0, 1, 0.448569, 0.0565519, -1.8109 )

[node name="MeshInstance2" type="MeshInstance" parent="MeshInstance"]
transform = Transform( 0.673129, -0.739525, 0, 0.739525, 0.673129, 0, 0, 0, 1, 6.00511, -0.0949961, 1.13014 )
mesh = SubResource( 3 )
material/0 = null

[node name="MeshInstance3" type="MeshInstance" parent="MeshInstance"]
transform = Transform( 0.922679, -0.385568, 0, 0.385568, 0.922679, 0, 0, 0, 1, 5.05275, -0.407501, 1.13014 )
mesh = SubResource( 3 )
material/0 = null

[node name="MeshInstance4" type="MeshInstance" parent="MeshInstance"]
transform = Transform( 0.945223, -0.326426, 0, 0.326426, 0.945223, 0, 0, 0, 1, 3.83337, -0.850078, 1.14652 )
mesh = SubResource( 3 )
material/0 = null

[node name="stone_smallB" parent="MeshInstance" instance=ExtResource( 1 )]
transform = Transform( 1, 0, 0, 0, 1, 0, 0, 0, 1, -0.636008, 0.0565514, -0.247986 )

[node name="stone_smallA" parent="MeshInstance" instance=ExtResource( 11 )]
transform = Transform( 1, 0, 0, 0, 1, 0, 0, 0, 1, -0.787544, 0.0565519, 0.250139 )

[node name="stone_largeF" parent="MeshInstance" instance=ExtResource( 12 )]
transform = Transform( 0.957005, 0, 0, 0, 0.957005, 0, 0, 0, 0.957005, -0.426388, 0.0565518, -1.01063 )

[node name="stone_largeE" parent="MeshInstance" instance=ExtResource( 65 )]
transform = Transform( 1, 0, 0, 0, 1, 0, 0, 0, 1, 2.85649, 0.0565519, 2.69865 )

[node name="statue_ring" parent="MeshInstance" instance=ExtResource( 66 )]
transform = Transform( 0.0214136, 0, -0.999771, 0, 1, 0, 0.999771, 0, 0.0214136, -3.81078, 0.0565519, 1.02514 )

[node name="statue_block" parent="MeshInstance" instance=ExtResource( 69 )]
transform = Transform( 3.52498, 0, 0, 0, 6.6454, 0, 0, 0, 3.13909, -0.788514, 0.0441019, 3.49391 )

[node name="statue_columnDamaged" parent="MeshInstance" instance=ExtResource( 70 )]
transform = Transform( 3.52498, 0, 0, 0, 6.6454, 0, 0, 0, 3.13909, 2.92516, 0.0441024, 3.88453 )

[node name="crops_cornStageB" parent="MeshInstance" instance=ExtResource( 84 )]
transform = Transform( 1, 0, 0, 0, 1, 0, 0, 0, 1, -0.0542685, 0.053567, 1.96875 )

[node name="crops_cornStageC" parent="MeshInstance" instance=ExtResource( 85 )]
transform = Transform( 1, 0, 0, 0, 1, 0, 0, 0, 1, -0.305471, 0.0535667, 1.94635 )

[node name="crops_cornStageD" parent="MeshInstance" instance=ExtResource( 83 )]
transform = Transform( 1, 0, 0, 0, 1, 0, 0, 0, 1, -0.491848, 0.0535669, 1.83468 )

